---
password: 04efb06f15708cc4e8468ff4289aa93f81f73b16d85fbaa646f10e664e2688a2
ip: 42.116.163.168
firstlogin: 1580030110645.000000
lastlogin: 1580030110646.000000
...
