---
password: 16e1beb45b8526a7acc9d7a553854494b68c5e33182e1832a2bbfd32ead5e2e9
ip: 113.185.79.226
firstlogin: 1565879799135.000000
lastlogin: 1566547375204.000000
...
