---
password: 2e541298aa916314d273e9b6500de6e1b3dcb77182e23701f336258e233786b9
ip: 14.233.182.150
firstlogin: 1566085622441.000000
lastlogin: 1566091530425.000000
...
