---
password: 15e2b0d3c33891ebb0f1ef609ec419420c20e320ce94c65fbc8c3312448eb225
ip: 14.252.65.81
firstlogin: 1566520970928.000000
lastlogin: 1566619086800.000000
...
