---
password: 15e2b0d3c33891ebb0f1ef609ec419420c20e320ce94c65fbc8c3312448eb225
ip: 14.164.228.72
firstlogin: 1566376207159.000000
lastlogin: 1566376207160.000000
...
