---
password: 06ff89e61de3443b6725530b77e547972affc3c41a1670e144fbb85e956c58d1
ip: 14.173.251.188
firstlogin: 1566312860137.000000
lastlogin: 1566312867859.000000
...
