---
password: 72d7469fd527ec1b6a67abf9b505b082f0d1af414487dc3e1f22e528c633a7f9
ip: 14.184.183.58
firstlogin: 1565917118149.000000
lastlogin: 1565949466822.000000
...
