---
password: 3fd4a3492bb539c0802d6706eb71086c47101cdcc0b4fc9fd4e412595129ffef
ip: 27.71.204.144
firstlogin: 1566361363587.000000
lastlogin: 1566361363593.000000
...
