---
password: 727ff221003a78e1b1eb620d5d0e4609d6b5ec18883df70c83a2fa2fe099082d
ip: 183.80.124.241
firstlogin: 1580003975194.000000
lastlogin: 1580003975195.000000
...
