---
password: 97e31efe12061fd8209c81d0114b81dbe129782eb4f37557bda0460c12f66251
ip: 14.233.199.39
firstlogin: 1565768155282.000000
lastlogin: 1565768155282.000000
...
