---
password: 63f17ae3f02ef741c51495b959b621c03dfa23629b707499eb1227300492c2fd
ip: 14.168.126.208
firstlogin: 1566104696202.000000
lastlogin: 1566104696202.000000
...
