---
password: 19b81f0b9f52238ef08baec718dde777f8c16c86b8f4461bbcc147938e4f6ae6
ip: 113.23.48.137
firstlogin: 1566704972826.000000
lastlogin: 1566705255128.000000
...
