---
password: 2e899a7127459ff3fedb7b6659477ea9155c02c135e915ee448770f9aed7afd4
ip: 113.176.145.115
firstlogin: 1580018365602.000000
lastlogin: 1580034428755.000000
...
