---
password: 7c344858fcc108cb31ef8beacbcfe56dda07182de574b259d30e0bdbe839970e
ip: 113.173.5.181
firstlogin: 1580030617929.000000
lastlogin: 1580036490260.000000
...
