---
password: 4186c357be3e3efb17f8c74e7e9451b26bc7adf1e2862c675376fca7a2050e30
ip: 113.22.213.148
firstlogin: 1565861073089.000000
lastlogin: 1566731849204.000000
...
