---
password: 0621f9f8018526cbacfa2c74842941a2969c6e8a1e36fdb1f0b5f0e03db774d1
ip: 1.54.214.167
firstlogin: 1565770118380.000000
lastlogin: 1566566762849.000000
...
