---
password: 634b0fc100ec3255c08f1e87d2d6e35687b4521f9ecfda3311e2332e7643521d
ip: 42.112.237.183
firstlogin: 1565861460983.000000
lastlogin: 1565872004043.000000
...
