---
password: 8755f7c055a4d10f1dd85f0258a4f04c4788e1f24de9abadd5dc1a8a68e2cf22
ip: 14.253.133.45
firstlogin: 1566171288570.000000
lastlogin: 1566171288570.000000
...
