---
password: 932f3c1b56257ce8539ac269d7aab42550dacf8818d075f0bdf1990562aae3ef
ip: 118.68.62.188
firstlogin: 1566195894435.000000
lastlogin: 1566659523310.000000
...
