---
password: 341a2535c58dd1c5d975eebf8f044a4e507e5181fae9e771b1f7bd87a7cb85b7
ip: 115.76.99.13
firstlogin: 1566206162125.000000
lastlogin: 1566277038628.000000
...
