---
password: 9a9270e05f9931a2076fe0eb37c9bd9c45d8f39001e2db8d9662053155a70e0b
ip: 113.174.8.3
firstlogin: 1566186148644.000000
lastlogin: 1566186148644.000000
...
