---
password: 7ef73a8e562b3476bb4485874ee5eb862056c38d27d603e53e0a090dd307e805
ip: 27.3.120.169
firstlogin: 1566092862123.000000
lastlogin: 1566092862124.000000
...
