---
password: 44de3ed43a38bbf73a9e4d5ea79f0b06ab29f5d003984a335cd3f79781c04e51
ip: 171.225.252.182
firstlogin: 1565952118797.000000
lastlogin: 1565952118797.000000
...
