---
password: 1d3aa0227080b7949c73e6933c56ed9132395e3d1ba2d80a3f08b5b9f10fdafd
ip: 14.172.71.54
firstlogin: 1565756742643.000000
lastlogin: 1566715376369.000000
...
