---
password: 71e1db996056fdcf6d203b5033e9df28f41873344a88c13659919b407bc625b1
ip: 27.2.129.205
firstlogin: 1565838521960.000000
lastlogin: 1565838521960.000000
...
