---
password: 8fcb25879a66b007def5cf63d7960fdfa2ee1f2b056d9e8e6008e7873a7af202
ip: 14.243.170.199
firstlogin: 1566112441394.000000
lastlogin: 1566114112924.000000
...
