---
password: 56c3d4d7b94d292670203e2576cc14e753f7f1cc4d9928a68650582d53d7d61d
ip: 116.108.136.47
firstlogin: 1565946178041.000000
lastlogin: 1565947029598.000000
...
