---
password: 15e2b0d3c33891ebb0f1ef609ec419420c20e320ce94c65fbc8c3312448eb225
ip: 1.52.59.7
firstlogin: 1565924139706.000000
lastlogin: 1565924370707.000000
...
