---
password: 748ed468e0f9deabc66d6845965996663a778eeb7699d79ec0da333f4634d0c6
ip: 1.52.52.8
firstlogin: 1566705090526.000000
lastlogin: 1566705090527.000000
...
