---
password: 2d9d79049dc5bc3d5200b002343a5ff500386796ce9c06bbc2e7b407bc7c7872
ip: 42.119.128.9
firstlogin: 1565924914755.000000
lastlogin: 1565924914755.000000
...
