---
password: 748ed468e0f9deabc66d6845965996663a778eeb7699d79ec0da333f4634d0c6
ip: 113.22.165.63
firstlogin: 1566479927217.000000
lastlogin: 1566479927217.000000
...
