---
password: 08219a939c384aad1b94db1cd86a535c46a1b1ad70b8ea03d05d0d582edc79da
ip: 14.247.105.248
firstlogin: 1566448424372.000000
lastlogin: 1566448424373.000000
...
