---
password: 71806fbf7aa9a48e8a13d774f339ffc4f8c10747b8741a451e25717eb26b5e28
ip: 14.169.87.227
firstlogin: 1565917141299.000000
lastlogin: 1566620435752.000000
...
