---
version: 2
money:
  ytb_jero: 2137536811.500000
  lololololo: 600015000.000000
  curliestdrake68: 2037911429.900000
  mvp_en_mvp: 445393407.000000
  forenoob: 0.000000
  ghast_noob: 154000.000000
  ghast_noo: 1000.000000
  cuto100cm: 10351978.800000
  bao_trinhmine: 6262730.500000
  jero_gaming: 1147483648.000000
  phongboymc: 1000.000000
  ric_pika: 16942.280000
  _tinh_: 1000.000000
  hkt_gaming2: 1000.000000
  hkt_gaming: 1000.000000
  ___i_need_you___: 5705.410000
  yellow: 1000.000000
  karate_: 9688165.000000
  ghast_no: 1000.000000
  to_to: 1000.000000
...
