---
mc.hypixel.net - Hypixel Lobby:
  X: 178.755000
  "Y": 63.000000
  Z: 5.464900
  Yaw: 91
  Pitch: 30
Isskyblock:
  X: 175.416100
  "Y": 120.062500
  Z: 217.824600
  Yaw: 169
  Pitch: -1
a1579387810-2261:
  X: -6.678900
  "Y": 36.000000
  Z: -10.918100
  Yaw: 260
  Pitch: 33
...
